Double = 15772.666015625
Double = 4699222.9775390625