Double = 21526.412109375
Double = 22563802.098632812