Double = 22698.006922186254
Double = 2572440.784514442