Double = 9836.264892578125
Double = 32341044.593000002